
Descriptive Statistics
=======================================================
Statistic N     Mean      St. Dev.     Min      Max    
-------------------------------------------------------
pop       50 4,518,149.0 4,715,038.0 401,851 23,667,902
pop65p    50  509,502.8   538,932.4  11,547  2,414,250 
medage    50    29.5         1.7      24.2      34.7   
death     50  39,474.3    41,742.3    1,604   186,428  
marriage  50  47,701.4    45,130.4    4,437   210,864  
divorce   50  23,679.4    25,094.0    2,142   133,541  
-------------------------------------------------------
